----------- Instant Value Loss -----------

----------- KAPRA -----------
              4             5             7             10            16            24            35            50
2    7888.739772   8726.279924   9812.731344  10310.727895  12141.651508  14498.405493  20315.591754  14332.363863
3    9533.186517  10133.031770  11113.881443  11990.747484  13276.647006  15470.164426  17251.052942  25460.623361
4   10596.985018  11297.357268  12361.964849  13506.505922  13847.049576  16290.473273  20260.640331  20467.773039
6            NaN           NaN  13346.490368  14002.264618  15262.348919  17155.611534  18657.931722  19777.293140
8            NaN           NaN           NaN  15357.053625  16754.874438  17459.612894  20926.825362  19519.983450
10           NaN           NaN           NaN  15726.861586  16534.007166  17785.864415  21818.956315  21215.528242

----------- Top-Down -----------
             4            5            7            10            16            24            35            50
2   5218.356404  5959.306091  7036.452733  8092.958338   9532.011086  11336.422510  11830.715173  13044.728434
3   5324.473533  6196.469111  7061.712460  8053.729002   9722.327022  10309.328113  12147.256113  13679.841939
4   5386.238100  6103.881592  7293.102560  8052.312365   9539.727273  11032.595720  12307.706291  12251.912773
6           NaN          NaN  7144.104116  8185.836519   9415.467716  10495.228852  12428.362629  13421.323359
8           NaN          NaN          NaN  8197.171409  10079.248956  10389.742983  12082.010385  13858.746080
10          NaN          NaN          NaN  8094.166718   9442.796880  10811.805353  12509.015562  13962.372710

----------- Bottom-Up -----------
             4            5            7            10           16           24            35            50
2   4440.173491  6150.866038  6185.354097  8345.824532  8662.486864  10790.43197  13887.535037  13859.522508
3   4440.173491  6150.866038  6185.354097  8345.824532  8662.486864  10790.43197  13887.535037  13859.522508
4   4440.173491  6150.866038  6185.354097  8345.824532  8662.486864  10790.43197  13887.535037  13859.522508
6           NaN          NaN  6185.354097  8345.824532  8662.486864  10790.43197  13887.535037  13859.522508
8           NaN          NaN          NaN  8345.824532  8662.486864  10790.43197  13887.535037  13859.522508
10          NaN          NaN          NaN  8345.824532  8662.486864  10790.43197  13887.535037  13859.522508

----------- Pattern Loss -----------

----------- KAPRA -----------
            4           5           7           10          16          24          35          50
2   652.033023  652.033023  652.033023  652.033023  652.033023  652.033023  652.033023  652.033023
3   694.502022  694.502022  694.502022  694.502022  694.502022  694.502022  694.502022  694.502022
4   720.332779  720.332779  720.332779  720.332779  720.332779  720.332779  720.332779  720.332779
6          NaN         NaN  763.206260  763.206260  763.206260  763.206260  763.206260  763.206260
8          NaN         NaN         NaN  754.934464  754.934464  754.934464  754.934464  754.934464
10         NaN         NaN         NaN  762.904373  762.904373  762.904373  762.904373  762.904373

----------- Top-Down -----------
             4            5            7            10           16           24           35           50
2   1011.926298   979.808290   936.705473   866.776781   817.888183   766.887151   763.902687   730.060868
3   1171.056204  1090.089836  1025.906004   977.590723   934.640341   875.151043   841.783193   813.145081
4   1164.213323  1143.241602  1081.007101  1033.250045   982.394117   927.046537   908.880979   845.008740
6           NaN          NaN  1145.123676  1082.640241  1032.991918  1014.915618   948.793949   926.624925
8           NaN          NaN          NaN  1165.802694  1072.453824  1062.808460  1017.924759   971.743223
10          NaN          NaN          NaN  1210.248795  1199.099134  1055.028184  1027.380863  1024.086919

----------- Bottom-Up -----------
             4            5            7            10           16           24          35          50
2   1006.318564   933.030878   929.949335   827.158014   822.335935   779.673966  726.219308  722.084603
3   1132.564215  1034.917251  1033.676301   932.100707   931.946231   857.068271  797.659724  798.405664
4   1135.367635  1070.510051  1064.543253   974.283749   970.372367   905.243535  847.434765  845.185694
6           NaN          NaN  1169.762012  1036.223504  1035.043527   982.918054  897.675089  899.462080
8           NaN          NaN          NaN  1085.282027  1075.270860  1020.049964  958.815063  956.928434
10          NaN          NaN          NaN  1210.248795  1178.512997  1050.911595  987.100363  993.478577

----------- Times (in seconds) -----------

----------- KAPRA -----------
          4          5          7          10         16         24         35         50
2   9.605920  10.137746  10.535669  10.403667  11.215492  12.526984  14.227454  17.185492
3   6.475926   7.184737   7.173734   7.375636   7.809497   8.040457   8.682216   9.735881
4   5.579211   5.939884   6.100083   6.291273   6.433936   6.643870   8.456280   7.437886
6        NaN        NaN   4.869433   5.000395   5.215327   5.405212   6.657867   5.581255
8        NaN        NaN        NaN   4.853444   4.730530   4.909511   5.228300   4.916424
10       NaN        NaN        NaN   4.368599   4.587528   4.494562   5.090366   4.699528

----------- Top-Down -----------
          4         5         7         10        16        24        35        50
2   6.447023  6.854801  6.843808  6.956772  6.908817  7.036744  7.017107  7.395628
3   5.163346  4.981404  5.638187  6.007077  6.002435  6.283988  5.737160  6.038064
4   4.995397  4.480564  5.024687  5.236464  5.593981  5.725608  5.761154  6.153175
6        NaN       NaN  4.271629  4.470566  4.955412  5.404303  5.301300  5.616198
8        NaN       NaN       NaN  3.658826  4.585531  4.863442  4.496661  5.094366
10       NaN       NaN       NaN  3.769785  3.775793  4.736473  4.793462  5.172342

----------- Bottom-Up -----------
           4          5          7          10         16         24         35         50
2   20.123549  22.248868  22.365865  23.177258  23.544068  23.518490  24.015164  23.894922
3   18.804999  20.716361  21.163044  22.453803  22.272860  22.211927  23.358513  23.004076
4   18.966923  20.992313  20.508459  22.210079  21.702043  22.316847  22.514782  22.411832
6         NaN        NaN  19.890676  21.227260  21.099237  21.676052  22.285902  21.984953
8         NaN        NaN        NaN  20.633426  20.837517  20.944286  22.123971  22.745710
10        NaN        NaN        NaN  20.067567  19.998588  21.012266  21.452157  21.760062